<?xml version="1.0" standalone="no"?>
<!DOCTYPE svg PUBLIC "-//W3C//DTD SVG 20010904//EN"
 "http://www.w3.org/TR/2001/REC-SVG-20010904/DTD/svg10.dtd">
<svg version="1.0" xmlns="http://www.w3.org/2000/svg"
 width="1024.000000pt" height="546.000000pt" viewBox="0 0 1024.000000 546.000000"
 preserveAspectRatio="xMidYMid meet">

<g transform="translate(0.000000,546.000000) scale(0.100000,-0.100000)"
fill="#000000" stroke="none">
<path d="M0 2730 l0 -2730 5120 0 5120 0 0 635 c0 349 -3 635 -8 635 -4 0 -16
-6 -27 -14 -13 -8 -51 -14 -105 -15 -47 0 -98 -6 -114 -12 -24 -11 -30 -10
-37 4 -7 12 -18 15 -40 10 -21 -4 -34 -1 -39 7 -6 10 -12 11 -22 3 -8 -7 -28
-8 -56 -3 -37 6 -45 5 -58 -14 -12 -17 -16 -18 -23 -7 -5 7 -13 11 -19 7 -6
-3 -12 -2 -14 3 -2 6 -17 7 -40 2 -22 -5 -38 -5 -38 0 0 17 -59 10 -69 -8 -6
-10 -11 -13 -11 -7 0 7 -16 11 -41 10 -22 -1 -42 1 -44 4 -5 9 -37 6 -53 -4
-6 -4 -12 -4 -12 1 0 4 -4 2 -9 -6 -7 -11 -15 -11 -41 -2 -25 8 -36 8 -47 -1
-11 -9 -21 -8 -45 7 -27 16 -31 16 -25 2 3 -9 1 -19 -5 -23 -6 -4 -9 -3 -5 2
3 5 -38 8 -96 6 -56 -1 -127 -3 -157 -3 -30 0 -60 -5 -66 -10 -15 -13 -161 8
-190 28 -13 8 -28 12 -34 8 -5 -3 -10 1 -10 10 0 12 -4 14 -19 5 -11 -5 -33
-10 -49 -10 -16 0 -40 -8 -53 -19 -13 -10 -52 -32 -86 -50 -35 -17 -63 -36
-63 -41 0 -6 -9 -10 -20 -10 -11 0 -23 -7 -26 -15 -4 -9 -19 -15 -36 -15 -16
0 -27 -4 -24 -9 3 -5 -9 -9 -28 -9 -19 0 -43 -3 -55 -7 -12 -3 -21 -2 -21 4 0
5 8 12 18 14 12 3 11 5 -6 6 -13 0 -20 5 -17 11 3 5 1 10 -4 10 -6 0 -11 -6
-11 -12 0 -8 -3 -9 -8 -3 -4 6 -28 10 -54 10 -26 -1 -53 2 -60 7 -9 5 -4 8 12
8 20 0 22 2 10 10 -24 15 -40 12 -40 -9 0 -14 -6 -17 -25 -13 -16 3 -33 -2
-46 -14 -15 -14 -22 -15 -28 -6 -10 17 -68 24 -188 23 -56 0 -105 4 -108 10
-4 5 -21 16 -38 24 -44 21 -77 41 -90 54 -6 6 -23 11 -38 11 -15 0 -29 7 -33
15 -8 21 -106 21 -106 1 0 -30 -75 -26 -83 5 -5 17 -13 18 -84 13 -115 -8
-140 -7 -173 9 -26 14 -30 13 -42 -3 -12 -17 -19 -18 -68 -8 -30 6 -81 10
-112 10 -55 0 -58 1 -77 34 -20 34 -49 39 -37 7 4 -10 2 -13 -8 -10 -8 3 -16
2 -18 -3 -5 -13 -43 -15 -183 -7 -217 13 -256 17 -276 27 -13 7 -24 7 -37 -1
-15 -10 -36 -8 -98 6 -43 10 -81 22 -84 26 -3 4 -52 15 -110 25 -58 9 -109 20
-115 24 -5 4 -30 8 -55 9 -25 1 -70 8 -100 15 -30 8 -84 22 -120 31 -36 9 -83
21 -106 26 -48 13 -99 9 -134 -8 -21 -11 -27 -10 -37 4 -7 9 -13 33 -13 52 l0
36 -54 -1 c-32 0 -62 -6 -72 -14 -27 -23 -99 -38 -233 -51 -145 -13 -172 -26
-119 -59 24 -15 28 -20 14 -20 -25 0 -83 44 -91 69 -3 12 -19 22 -38 26 -105
22 -119 150 -25 224 36 29 91 47 166 56 51 6 66 12 79 32 23 34 98 70 179 84
38 7 71 14 73 15 8 6 -21 34 -30 28 -5 -3 -6 3 -2 12 5 13 3 15 -7 9 -9 -6
-11 -4 -5 5 5 8 2 17 -7 24 -8 6 -17 19 -21 29 -3 9 -13 17 -22 17 -10 0 -15
10 -15 34 0 23 -9 45 -26 66 -27 32 -38 33 -90 13 -13 -5 -15 -3 -9 7 5 9 4
11 -3 6 -7 -4 -12 -1 -12 8 0 12 -11 16 -51 16 -43 0 -55 -5 -81 -30 -33 -33
-43 -38 -34 -15 3 9 0 15 -9 15 -8 0 -15 5 -15 11 0 6 -5 7 -12 2 -7 -4 -33
-9 -58 -9 -81 -2 -107 -6 -85 -11 33 -8 45 -24 45 -59 0 -40 -7 -45 -71 -48
-50 -3 -50 -3 -43 23 8 29 8 55 -1 88 -4 19 -1 23 16 23 15 0 19 -5 15 -15 -3
-8 -1 -15 4 -15 16 0 11 37 -5 44 -25 9 -43 -4 -50 -35 -6 -26 -11 -29 -46
-29 -28 0 -39 4 -39 15 0 12 -16 15 -80 15 -47 0 -80 4 -80 10 0 6 -33 10 -80
10 -64 0 -80 3 -80 15 0 11 -11 15 -40 15 -29 0 -40 4 -40 15 0 12 -16 15 -80
15 -47 0 -80 4 -80 10 0 6 -25 10 -55 10 -53 0 -100 21 -146 65 -10 9 -34 15
-64 15 -37 0 -56 6 -83 27 -23 17 -52 28 -83 31 -27 2 -49 8 -49 13 0 5 -8 9
-17 9 -21 1 -63 33 -63 49 0 6 -18 11 -40 11 -22 0 -40 5 -40 10 0 6 -18 10
-40 10 -29 0 -40 4 -40 15 0 11 -11 15 -40 15 -38 0 -40 2 -40 31 0 30 -1 31
-40 24 -26 -4 -40 -3 -40 4 0 6 7 11 15 11 18 0 20 16 3 26 -6 4 -14 2 -16 -4
-2 -7 -21 -12 -43 -12 -35 0 -39 3 -39 25 0 20 -5 25 -25 25 -22 0 -25 4 -25
40 0 38 -2 40 -30 40 -26 0 -79 28 -120 62 -12 11 -10 14 14 18 l28 5 -33 24
c-20 15 -51 26 -81 29 -26 2 -48 8 -48 13 0 5 7 9 15 9 11 0 15 11 15 40 0 29
-4 40 -15 40 -11 0 -15 11 -15 40 0 36 -2 40 -25 40 -22 0 -25 4 -25 40 0 29
-4 40 -15 40 -13 0 -15 22 -15 135 0 101 3 135 13 135 6 1 26 12 42 25 l30 25
-42 0 c-32 0 -43 4 -43 15 0 8 5 15 11 15 19 0 64 41 69 63 3 12 10 22 15 22
6 0 22 9 38 19 19 13 27 27 27 47 0 26 3 29 33 29 24 0 28 3 17 10 -8 5 -13
10 -10 11 3 0 18 2 34 4 16 2 37 13 48 24 10 12 23 21 28 21 6 0 10 14 10 30
0 28 2 30 40 30 22 0 40 5 40 11 0 16 42 48 63 49 11 0 17 8 17 25 0 23 3 25
49 25 31 0 53 5 61 15 7 8 21 15 31 15 11 0 19 7 19 15 0 8 6 15 13 15 20 1
70 47 63 58 -9 14 8 24 29 16 13 -5 14 -9 3 -15 -8 -6 -3 -8 17 -7 43 2 54 11
25 19 l-25 7 28 1 c43 2 72 26 75 62 1 18 -3 37 -10 41 -10 8 -10 11 0 15 6 2
12 11 12 19 0 20 20 17 21 -3 1 -10 1 -33 0 -51 -4 -45 17 -95 37 -87 9 3 12
0 9 -9 -4 -10 0 -12 13 -9 17 4 17 7 5 19 -7 8 -18 14 -23 14 -14 0 -20 100
-9 130 9 23 11 23 15 5 2 -11 9 -24 16 -28 8 -6 8 -10 -1 -14 -18 -7 -16 -58
2 -73 9 -7 19 -10 22 -6 4 4 3 10 -3 14 -6 4 -11 15 -11 24 0 16 12 16 12 0 1
-4 7 -18 14 -30 22 -41 24 -16 2 33 -12 26 -21 49 -21 51 0 9 39 3 45 -6 3 -5
2 -10 -3 -10 -6 0 -8 -9 -5 -20 3 -11 9 -20 13 -20 14 0 20 31 11 49 -8 15 -6
17 20 13 25 -4 43 -22 21 -22 -4 0 -14 -17 -22 -37 -16 -41 -21 -95 -8 -87 4
3 8 13 8 22 0 9 5 34 11 55 8 31 14 37 37 37 16 0 22 3 15 8 -8 5 -9 13 -3 22
7 11 11 8 19 -13 15 -38 14 -64 -1 -70 -8 -3 -6 -6 5 -6 14 -1 17 8 17 49 0
28 -4 50 -10 50 -5 0 -10 5 -10 10 0 6 31 10 74 10 49 0 76 4 78 12 3 8 29 11
81 10 42 -1 77 3 77 7 0 8 41 23 56 20 4 0 11 5 15 13 7 10 9 9 9 -4 0 -10 6
-18 13 -18 17 1 48 26 40 33 -10 11 6 8 26 -4 11 -7 32 -9 54 -5 29 5 37 12
37 29 1 20 2 21 14 5 15 -21 27 -14 18 10 -5 15 -4 16 14 2 10 -8 24 -22 30
-30 7 -8 27 -14 48 -13 20 1 33 -3 30 -8 -7 -13 19 -7 29 6 4 7 10 6 15 -1 5
-9 10 -9 19 1 9 10 -3 13 -54 14 l-66 2 -53 57 -53 57 -1 -57 0 -58 -40 0 -40
0 0 200 0 200 40 0 40 0 0 -101 0 -100 48 40 c43 37 54 41 102 41 l53 0 -67
-61 c-37 -34 -66 -64 -64 -68 8 -16 149 -144 154 -139 3 3 -3 14 -14 24 -14
14 -17 25 -11 39 l8 20 6 -20 c5 -18 13 -20 95 -17 50 2 90 8 90 13 0 5 53 9
120 9 73 0 120 4 120 10 0 6 18 10 40 10 33 0 40 3 40 20 0 17 7 20 40 20 34
0 40 -3 40 -21 0 -17 4 -19 23 -13 12 4 48 7 80 5 45 -1 57 2 57 14 0 13 23
15 160 15 100 0 160 -4 160 -10 0 -13 77 -13 82 1 5 16 92 16 122 -1 22 -11
29 -11 35 -1 6 9 61 13 214 14 187 2 207 1 207 -14 0 -40 63 -28 80 14 6 16 9
2 9 -50 1 -48 -3 -73 -11 -76 -8 -3 -6 -6 5 -6 15 -1 17 12 17 134 l0 135 40
0 40 0 0 -135 c0 -88 4 -135 11 -135 5 0 7 4 4 10 -3 6 1 10 10 10 9 0 13 -5
10 -10 -4 -6 -3 -9 2 -8 4 1 25 -4 46 -11 21 -7 40 -11 43 -9 2 3 -13 10 -33
17 -77 23 -90 53 -39 86 24 16 26 16 47 -4 27 -25 90 -28 113 -5 9 8 16 18 16
20 0 22 -31 49 -85 75 -78 37 -105 68 -105 121 0 48 30 81 88 99 44 13 119 6
146 -14 15 -11 16 -17 5 -41 -11 -23 -17 -26 -38 -21 -66 17 -88 17 -105 0 -9
-10 -16 -25 -14 -33 3 -16 12 -22 101 -63 69 -33 82 -51 82 -116 0 -49 -3 -58
-33 -84 -18 -17 -26 -29 -18 -29 17 0 66 56 66 76 0 8 4 14 9 14 5 0 12 8 14
18 4 16 5 16 6 0 0 -10 6 -18 12 -18 6 0 9 -9 6 -20 -9 -35 35 -76 90 -86 27
-4 54 -6 62 -5 8 1 17 -3 21 -10 5 -8 10 -4 15 12 4 13 13 28 19 32 8 6 8 10
-1 13 -7 3 -9 12 -6 21 5 12 3 14 -7 8 -9 -5 -11 -4 -6 3 11 18 16 15 27 -18
6 -16 15 -27 21 -24 5 3 8 -2 6 -11 -2 -10 4 -20 12 -22 13 -4 13 -3 0 7 -12
9 -10 10 10 5 14 -4 44 -10 68 -12 38 -5 41 -7 30 -22 -10 -13 -10 -14 2 -3 8
6 22 12 33 12 10 0 16 4 12 9 -3 6 15 8 45 6 29 -2 48 0 45 6 -4 5 4 9 17 8
13 0 17 -3 11 -6 -10 -3 -10 -8 1 -19 18 -17 30 -18 23 -1 -3 9 8 12 39 12 34
0 44 -4 44 -16 0 -18 28 -29 73 -29 20 0 27 -5 27 -19 0 -23 -12 -28 -67 -26
-24 1 -43 -2 -43 -6 0 -4 27 -5 60 -3 55 3 75 -5 50 -21 -11 -7 -9 -55 2 -55
4 0 8 -11 8 -24 0 -27 23 -50 42 -43 9 4 7 6 -3 6 -9 1 -20 8 -23 16 -5 13 0
15 28 10 19 -4 36 -2 40 3 4 6 -2 8 -14 5 -29 -8 -70 23 -70 52 0 34 26 56 64
53 17 -1 37 2 44 6 7 4 12 2 12 -4 0 -6 6 -8 13 -5 6 4 4 0 -5 -8 -13 -10 -18
-29 -18 -60 0 -25 -5 -49 -10 -52 -6 -3 -10 -11 -10 -16 0 -6 7 -4 15 5 8 8
15 25 15 38 1 20 2 21 11 6 5 -10 15 -18 20 -18 6 0 3 7 -5 16 -31 30 -10 94
31 94 23 0 48 -19 56 -42 6 -16 0 -18 -40 -18 -45 0 -46 -1 -30 -17 14 -15 21
-15 37 -5 26 16 30 15 30 -3 0 -9 -13 -18 -32 -22 -32 -7 -32 -7 -8 -14 36
-10 59 -9 35 1 -19 8 -19 9 2 9 12 1 34 -4 48 -11 22 -10 29 -9 47 9 11 12 21
33 21 47 0 26 0 26 18 10 15 -13 19 -14 19 -3 0 11 2 11 10 -1 8 -12 10 -12
11 5 l0 20 8 -20 8 -20 5 20 c5 17 6 18 7 2 0 -10 5 -15 11 -12 6 3 10 -5 10
-19 0 -15 7 -27 19 -31 11 -3 22 -12 25 -20 3 -8 12 -15 21 -15 8 0 15 -4 15
-9 0 -9 8 -12 62 -27 10 -3 18 2 20 12 3 14 7 13 30 -6 16 -12 36 -19 45 -16
26 8 40 -4 59 -49 16 -37 18 -38 23 -17 l6 24 28 -22 c16 -13 34 -19 46 -15
20 6 55 -20 46 -35 -3 -4 2 -14 11 -21 12 -10 17 -10 23 -1 6 9 14 7 33 -8 15
-11 31 -20 37 -20 6 0 11 -13 11 -30 0 -28 2 -30 38 -30 41 0 82 -26 82 -51 0
-8 14 -20 30 -27 48 -22 60 -39 60 -88 0 -24 4 -44 9 -44 6 0 12 -19 14 -42 3
-34 4 -30 5 20 1 34 6 62 11 62 23 0 41 -34 41 -76 0 -32 4 -44 15 -44 11 0
15 -11 15 -40 0 -36 3 -40 25 -40 25 0 25 -1 25 -80 0 -64 3 -80 15 -80 11 0
15 -11 15 -40 l0 -40 -40 0 -40 0 0 -80 c0 -64 -3 -80 -15 -80 -11 0 -15 -11
-15 -40 l0 -40 -40 0 -40 0 0 -40 c0 -36 -2 -40 -25 -40 -16 0 -25 6 -25 15 0
8 -4 15 -9 15 -5 0 -14 -7 -21 -15 -10 -13 -9 -15 9 -15 18 0 21 -6 21 -40 l0
-40 -40 0 c-32 0 -40 -4 -40 -18 0 -22 -39 -42 -79 -42 -16 0 -34 -7 -41 -15
-11 -13 -10 -14 4 -9 9 3 16 2 16 -4 0 -14 -38 -22 -44 -8 -3 7 -5 7 -5 -1 -1
-7 -6 -13 -12 -13 -7 0 -9 10 -5 26 6 22 5 24 -8 12 -7 -7 -12 -16 -9 -20 2
-5 0 -8 -4 -8 -5 0 -17 -13 -26 -30 -18 -29 -18 -29 -51 -13 -38 18 -82 9
-100 -20 -13 -20 2 -33 94 -80 35 -18 70 -42 76 -55 6 -12 13 -20 16 -17 9 9
-8 -90 -20 -111 -36 -66 -177 -71 -256 -9 -19 15 -19 15 4 40 27 29 37 31 60
10 28 -26 87 -31 110 -10 40 36 20 68 -64 101 -70 28 -106 64 -106 107 0 20
-4 39 -10 42 -5 3 -10 19 -10 35 0 16 -4 31 -8 34 -5 3 -6 -8 -4 -25 6 -40
-14 -62 -54 -57 -18 2 -30 0 -28 -4 3 -4 0 -8 -5 -8 -7 0 -11 -33 -11 -87 0
-56 -4 -83 -9 -74 -7 11 -10 9 -14 -10 l-4 -24 -2 23 c-1 29 -25 24 -29 -6 -3
-19 -10 -22 -51 -22 -31 0 -53 -5 -61 -15 -10 -11 -28 -14 -74 -11 -59 4 -60
4 -18 -6 66 -17 53 -35 -33 -43 -41 -3 -78 -4 -83 -1 -5 3 -22 1 -38 -3 -25
-7 -20 -9 36 -14 36 -3 76 -5 90 -5 38 1 194 -20 240 -32 22 -6 46 -10 53 -9
6 1 25 -3 40 -9 16 -7 34 -12 41 -12 7 0 50 -13 94 -29 45 -17 82 -27 82 -24
0 3 7 0 15 -7 13 -11 20 -9 38 9 32 29 107 30 107 1 0 -23 -4 -24 -29 -9 -20
13 -71 5 -71 -11 0 -14 44 -30 79 -30 21 0 31 -6 36 -22 7 -22 8 -21 12 7 3
17 9 36 15 42 15 19 52 16 71 -5 27 -30 20 -42 -23 -42 -22 0 -40 -5 -40 -10
0 -16 30 -24 43 -11 6 6 18 11 26 11 12 0 12 -3 3 -12 -21 -21 -14 -26 58 -38
77 -13 110 -7 110 19 0 27 -21 81 -31 81 -5 0 -9 5 -9 10 0 6 12 10 26 10 20
0 24 -3 16 -13 -7 -8 -6 -19 3 -36 l13 -24 8 24 c4 13 7 30 6 37 -2 6 6 12 18
12 11 0 20 -4 20 -10 0 -5 -4 -10 -8 -10 -12 0 -42 -89 -35 -106 5 -14 22 -15
130 -9 135 8 321 32 262 34 -39 1 -49 13 -49 56 0 30 24 43 71 42 l36 -1 -5
-43 c-4 -34 -1 -44 12 -49 24 -9 30 1 16 26 -9 17 -8 26 4 45 12 19 24 23 59
23 l45 -1 -5 -39 c-4 -25 -2 -38 6 -38 6 0 11 11 11 23 0 35 33 61 66 53 14
-4 28 -16 31 -26 7 -27 21 -25 25 2 4 28 58 40 58 13 0 -12 -4 -14 -19 -5 -13
7 -22 7 -26 0 -17 -27 51 -16 352 60 318 80 491 133 620 191 l63 28 0 936 c0
854 -1 935 -16 935 -32 0 -92 43 -108 76 -22 48 -20 95 7 135 24 35 83 71 105
64 9 -3 12 91 12 450 l0 455 -5120 0 -5120 0 0 -2730z m2698 1944 c29 -20 28
-50 -3 -70 -23 -15 -27 -15 -50 0 -31 20 -32 50 -3 70 12 9 25 16 28 16 3 0
16 -7 28 -16z m275 -5 c25 -11 26 -13 11 -41 -11 -22 -20 -28 -32 -22 -32 14
-92 16 -107 4 -8 -7 -15 -23 -15 -35 0 -18 13 -28 63 -50 111 -49 147 -105
113 -177 -36 -75 -143 -95 -231 -43 l-47 27 24 24 24 25 47 -21 c71 -31 126
-9 113 45 -5 20 -23 33 -81 59 -77 36 -105 67 -105 120 0 33 44 84 83 96 37
11 103 6 140 -11z m3138 11 c25 -14 24 -52 -1 -75 -46 -41 -108 26 -65 69 19
19 38 20 66 6z m3407 -6 c27 -19 28 -34 2 -62 -22 -23 -46 -20 -67 7 -17 21
-16 24 7 49 25 26 29 27 58 6z m255 0 c9 -3 17 -10 17 -15 0 -6 5 -7 10 -4 13
8 13 -1 0 -26 -11 -19 -40 -27 -40 -11 0 9 -96 0 -105 -9 -2 -3 -6 -16 -7 -30
-3 -21 6 -29 71 -60 91 -43 111 -66 111 -126 0 -39 -5 -50 -36 -79 -31 -30
-42 -34 -87 -34 -52 0 -128 27 -142 50 -4 6 2 20 13 30 19 18 21 18 61 -2 55
-27 108 -19 117 19 10 38 -5 54 -84 92 -103 50 -127 107 -72 172 38 43 98 55
173 33z m-2368 -16 c3 -13 6 -58 7 -100 l3 -78 45 40 c39 34 52 39 93 40 26 0
47 -3 46 -7 0 -5 -27 -30 -59 -58 -32 -27 -59 -54 -59 -60 -1 -5 33 -42 76
-82 l76 -73 -54 0 c-52 0 -55 2 -111 57 l-58 57 0 -57 0 -57 -40 0 -40 0 0
200 0 200 35 0 c28 0 36 -4 40 -22z m-4245 -58 l0 -40 50 0 c49 0 50 -1 50
-29 0 -28 -2 -30 -47 -33 l-48 -3 3 -70 c3 -73 10 -85 53 -85 22 0 28 -5 31
-30 3 -17 2 -33 -1 -35 -4 -2 -28 -2 -56 0 -41 2 -54 9 -77 34 -26 29 -28 38
-28 111 l0 80 -40 0 c-38 0 -40 2 -40 30 0 28 2 30 40 30 39 0 40 1 40 33 0
41 5 47 42 47 26 0 28 -3 28 -40z m3416 20 c4 -63 1 -60 49 -60 43 0 45 -1 45
-30 0 -29 -2 -30 -45 -30 l-45 0 0 -70 c0 -74 11 -90 59 -90 13 0 22 -7 22
-17 1 -10 3 -27 4 -39 2 -19 -1 -20 -50 -13 -100 13 -115 33 -115 148 l0 81
-40 0 c-38 0 -40 2 -40 30 0 28 2 30 40 30 l40 0 0 41 0 40 38 -3 c24 -2 37
-8 38 -18z m3399 -27 c0 -18 4 -33 10 -34 5 0 28 -1 50 -2 36 -2 40 -5 43 -29
3 -27 2 -28 -47 -28 l-51 0 0 -68 c0 -75 10 -92 51 -92 26 0 39 -15 39 -46 0
-10 -13 -14 -45 -14 -35 0 -52 6 -77 29 -31 28 -33 33 -36 110 l-4 81 -40 0
c-37 0 -39 2 -36 28 2 22 8 27 33 29 17 0 35 2 40 2 7 1 9 16 7 37 -4 35 -4
35 29 32 31 -3 34 -6 34 -35z m-6131 -52 c39 -22 42 -36 12 -57 -24 -15 -29
-15 -60 0 -56 26 -106 -4 -106 -64 0 -65 64 -94 122 -56 23 15 26 14 55 -7
l31 -23 -27 -22 c-101 -85 -261 -23 -261 103 0 121 124 188 234 126z m3089 1
c41 -25 71 -93 64 -147 -4 -25 -2 -47 3 -50 13 -8 12 -16 -5 -39 -8 -11 -18
-16 -22 -13 -3 4 2 13 12 21 11 7 15 18 10 25 -5 9 -11 6 -22 -9 -20 -29 -89
-60 -133 -60 -104 0 -177 91 -150 189 25 93 151 136 243 83z m318 2 c37 -19
43 -41 15 -59 -20 -14 -27 -14 -59 0 -59 24 -111 -7 -109 -66 1 -55 48 -86
102 -68 16 6 30 15 30 20 0 16 18 10 47 -15 l28 -24 -25 -21 c-62 -51 -158
-50 -214 3 -104 97 -17 271 124 249 19 -3 47 -12 61 -19z m-4541 -124 l0 -140
-40 0 -40 0 0 133 c0 74 3 137 7 140 3 4 21 7 40 7 l33 0 0 -140z m825 109
c91 -80 59 -218 -60 -250 -105 -29 -200 39 -198 141 1 92 57 140 160 140 55 0
66 -3 98 -31z m5990 -109 l0 -135 -38 -3 -38 -3 2 128 c1 70 4 133 6 141 4 8
18 12 37 10 l31 -3 0 -135z m-3375 -5 c4 3 19 1 32 -5 20 -8 20 -10 3 -9 -42
2 -48 0 -36 -15 9 -10 8 -15 -4 -20 -12 -4 -15 3 -14 42 1 26 4 37 6 24 2 -12
8 -20 13 -17z m-5520 -9 c-14 -14 -12 -27 3 -25 24 3 37 -1 37 -12 0 -8 -5 -8
-15 1 -12 10 -15 10 -15 0 0 -10 -3 -10 -15 0 -9 7 -13 20 -10 28 4 10 0 12
-10 8 -9 -3 -13 -2 -10 3 3 6 14 9 25 8 13 -1 16 -5 10 -11z m123 -83 c46 -42
52 -62 7 -23 -13 11 -26 18 -29 15 -3 -4 1 -10 8 -14 9 -6 5 -8 -13 -8 -14 0
-26 2 -27 6 0 3 -2 14 -4 24 -3 15 -1 16 11 6 8 -6 17 -9 20 -6 10 10 -7 27
-27 27 -12 0 -17 4 -14 11 4 6 -1 20 -11 33 -12 14 -9 12 7 -4 14 -14 46 -44
72 -67z m5527 78 l25 1 -25 8 c-22 7 -22 8 -4 9 11 1 29 -6 40 -14 19 -15 19
-15 0 -30 -22 -17 -40 -20 -31 -5 3 6 13 10 21 10 8 0 14 5 14 10 0 7 -6 7
-19 0 -21 -10 -51 -4 -63 14 -5 7 -8 7 -8 -2 0 -7 10 -17 23 -22 20 -8 20 -9
2 -9 -24 -1 -51 35 -32 42 7 2 16 1 22 -4 5 -5 20 -9 35 -8z m-5866 -49 c3 -5
-1 -9 -9 -9 -8 0 -12 4 -9 9 3 4 7 8 9 8 2 0 6 -4 9 -8z m123 -54 c-3 -8 -6
-5 -6 6 -1 11 2 17 5 13 3 -3 4 -12 1 -19z m3070 -18 c-2 -23 -10 -17 -12 10
-1 10 2 17 6 14 4 -2 7 -13 6 -24z m3473 -6 c0 -13 -27 -1 -38 16 -12 20 -12
21 13 4 14 -9 25 -18 25 -20z m-3204 -11 c-10 -10 -19 5 -10 18 6 11 8 11 12
0 2 -7 1 -15 -2 -18z m3079 17 c-3 -5 -14 -10 -23 -9 -14 0 -13 2 3 9 27 11
27 11 20 0z m321 -97 c-11 -11 -19 6 -11 24 8 17 8 17 12 0 3 -10 2 -21 -1
-24z m354 -5 c0 -23 -3 -29 -9 -19 -5 7 -14 10 -20 7 -7 -4 -11 1 -11 13 0 14
5 19 15 15 8 -4 15 -1 15 5 0 6 2 11 5 11 3 0 5 -15 5 -32z m-4970 2 c0 -17 4
-19 25 -14 46 12 82 -44 56 -85 -6 -9 -28 -15 -60 -15 -48 -1 -63 5 -42 18 11
7 9 81 -2 92 -12 12 -8 24 8 24 8 0 15 -9 15 -20z m380 -2 c0 -19 -25 -25 -35
-8 -10 16 -41 11 -59 -9 -34 -37 10 -94 54 -71 28 15 25 32 -4 24 -13 -3 -27
-1 -30 5 -5 7 8 11 38 11 44 0 46 -1 46 -29 0 -17 -4 -33 -10 -36 -5 -3 -10
-1 -10 5 0 7 -6 8 -19 0 -30 -16 -50 -12 -76 15 -32 31 -32 59 0 91 19 19 33
24 65 22 30 -2 40 -7 40 -20z m4542 -5 c2 -16 8 -27 16 -25 6 1 12 -2 12 -8 0
-25 -35 0 -42 30 -2 8 -7 18 -13 22 -6 5 -3 8 7 8 11 0 18 -10 20 -27z m1898
0 c0 -11 6 -14 24 -9 16 4 32 -1 47 -13 20 -16 22 -23 14 -47 -10 -27 -15 -29
-65 -31 -30 -1 -49 0 -42 3 15 7 17 104 1 104 -5 0 -7 5 -4 10 9 14 25 3 25
-17z m355 17 c15 -6 23 -15 19 -21 -4 -8 -9 -8 -17 0 -19 19 -65 13 -77 -10
-25 -45 12 -89 60 -74 29 9 24 33 -7 38 -23 3 -21 4 10 6 33 1 37 -2 37 -23 0
-25 -21 -36 -70 -36 -35 0 -64 48 -51 83 16 42 49 55 96 37z m194 -38 c-14 -5
-11 -70 4 -75 7 -4 6 -6 -4 -6 -13 -1 -18 10 -20 42 -2 24 -2 52 -1 61 4 16 5
16 17 -1 8 -10 9 -19 4 -21z m54 -26 c1 -31 -1 -56 -5 -56 -5 0 -8 18 -8 40 0
25 -5 40 -12 41 -10 0 -10 2 0 6 6 2 12 12 12 21 0 8 3 13 6 10 3 -3 6 -31 7
-62z m-7288 24 c-3 -11 -2 -27 3 -35 7 -13 10 -12 20 10 8 16 8 25 1 25 -6 0
-7 5 -4 10 7 11 49 14 43 3 -30 -60 -46 -106 -42 -118 5 -11 -1 -15 -20 -15
-14 0 -26 5 -26 10 0 6 5 10 10 10 6 0 10 8 10 17 0 24 -23 83 -32 83 -4 0 -8
5 -8 10 0 6 12 10 26 10 21 0 24 -4 19 -20z m357 3 c32 -29 22 -43 -29 -43
-44 -1 -46 -2 -29 -15 14 -10 24 -11 38 -4 32 17 45 4 15 -15 -38 -25 -73 -15
-82 25 -12 55 45 90 87 52z m4388 1 c0 -11 -6 -14 -20 -9 -32 10 -23 -9 9 -22
23 -8 29 -15 24 -32 -3 -12 -9 -24 -14 -27 -16 -10 -69 7 -69 22 0 17 27 19
33 2 4 -10 7 -10 17 -1 11 10 8 14 -12 22 -27 10 -43 47 -24 55 26 11 56 5 56
-10z m2432 -8 c17 -25 7 -36 -32 -36 -22 0 -40 -4 -40 -10 0 -16 49 -23 65
-10 13 11 14 10 9 -4 -6 -16 -50 -22 -70 -8 -24 15 -26 50 -4 72 22 22 57 20
72 -4z m-9296 -6 c0 -12 -4 -16 -9 -11 -5 5 -6 14 -3 20 10 15 12 14 12 -9z
m8928 7 c-2 -7 2 -21 9 -32 14 -18 15 -18 26 3 7 13 9 27 6 32 -3 6 4 10 17
10 13 0 18 -3 12 -8 -18 -11 -45 -83 -39 -102 4 -14 1 -16 -20 -12 -22 4 -23
6 -10 16 14 10 14 15 -1 51 -9 22 -21 43 -28 47 -6 5 -2 8 11 8 14 0 21 -5 17
-13z m542 4 c-4 -5 -1 -22 5 -38 l11 -28 12 30 c9 21 10 32 2 37 -6 5 -2 8 10
8 21 0 21 0 -3 -50 -13 -28 -21 -55 -18 -60 3 -6 -4 -10 -17 -9 -13 0 -17 3
-10 6 6 2 12 13 12 23 0 23 -21 72 -35 82 -5 4 0 8 13 8 13 0 21 -4 18 -9z
m-9582 -46 c-4 -8 -7 -15 -9 -15 -2 0 -5 7 -9 15 -3 9 0 15 9 15 9 0 12 -6 9
-15z m59 8 c-7 -2 -19 -2 -25 0 -7 3 -2 5 12 5 14 0 19 -2 13 -5z m92 -4 c11
-16 1 -19 -13 -3 -7 8 -8 14 -3 14 5 0 13 -5 16 -11z m-404 -16 c13 -16 12
-17 -3 -4 -10 7 -18 15 -18 17 0 8 8 3 21 -13z m204 -3 c-3 -5 -12 -10 -18
-10 -7 0 -6 4 3 10 19 12 23 12 15 0z m110 -10 c-3 -5 -16 -10 -28 -9 -20 1
-20 2 3 9 14 4 26 8 28 9 2 1 0 -3 -3 -9z m50 0 c3 -5 1 -10 -4 -10 -6 0 -11
5 -11 10 0 6 2 10 4 10 3 0 8 -4 11 -10z m42 -6 c-3 -3 -12 -4 -19 -1 -8 3 -5
6 6 6 11 1 17 -2 13 -5z m2151 -39 c-3 -3 -9 2 -12 12 -6 14 -5 15 5 6 7 -7
10 -15 7 -18z m117 -14 c-6 -5 -25 10 -25 20 0 5 6 4 14 -3 8 -7 12 -15 11
-17z m-1985 -1361 c11 -11 20 -23 20 -28 0 -16 -32 -52 -46 -52 -16 0 -54 35
-54 50 0 6 9 19 20 30 11 11 25 20 30 20 6 0 19 -9 30 -20z m274 -1 c31 -14
32 -20 8 -49 -15 -19 -22 -21 -40 -11 -48 26 -112 6 -112 -35 0 -21 11 -29 73
-58 83 -38 106 -60 114 -109 11 -69 -58 -137 -139 -137 -35 0 -138 43 -138 58
0 5 9 17 20 27 20 18 22 18 49 2 36 -21 104 -22 120 -3 7 8 11 27 9 43 -3 24
-14 33 -80 65 -107 52 -131 100 -85 169 37 56 125 72 201 38z m1020 -87 c0
-56 3 -102 7 -102 5 0 27 18 51 40 39 36 48 40 96 40 28 0 52 -4 52 -10 0 -5
-3 -10 -7 -10 -5 0 -35 -24 -68 -54 l-60 -54 73 -74 c39 -40 72 -77 72 -81 0
-4 -20 -7 -45 -7 -42 0 -50 5 -105 59 -33 33 -61 57 -62 53 0 -4 -2 -11 -3
-17 -2 -5 -3 -29 -4 -52 -1 -42 -2 -43 -36 -43 l-34 0 -3 205 c-2 130 1 206 7
209 6 1 24 2 40 2 l30 -2 -1 -102z m5956 77 c0 -5 -4 -9 -10 -9 -5 0 -10 7
-10 16 0 8 5 12 10 9 6 -3 10 -10 10 -16z m865 -79 c-5 -64 -4 -100 2 -100 6
0 31 18 56 40 39 34 52 40 91 40 25 0 46 -3 46 -8 0 -4 -27 -31 -60 -60 -33
-29 -60 -57 -60 -61 0 -5 31 -39 70 -77 38 -38 70 -72 70 -76 0 -4 -21 -7 -46
-6 -41 0 -50 5 -98 54 -29 30 -58 54 -64 54 -8 0 -12 -20 -12 -55 l0 -55 -35
0 -35 0 0 205 0 205 41 0 41 0 -7 -100z m-7647 18 c3 -38 4 -38 48 -38 42 0
44 -1 44 -30 0 -31 -4 -33 -62 -32 l-28 1 0 -74 c0 -79 10 -95 59 -95 12 0 21
-3 21 -7 0 -5 3 -19 7 -32 6 -23 5 -24 -50 -19 -89 7 -117 48 -117 172 l0 59
-28 -6 c-37 -7 -55 5 -50 34 2 20 9 24 41 24 36 0 37 1 37 37 0 39 10 48 50
45 21 -2 25 -8 28 -39z m6698 29 c8 3 14 1 14 -5 0 -5 -7 -12 -15 -16 -8 -3
-15 0 -15 7 0 8 -3 7 -9 -2 -5 -8 -7 -20 -4 -28 3 -7 0 -13 -7 -13 -6 0 -9 4
-5 9 3 5 0 13 -6 16 -7 5 -4 13 8 25 10 9 19 14 21 9 2 -4 10 -5 18 -2z m124
-27 l0 -40 48 0 c47 0 47 0 48 -35 l1 -35 -49 0 -48 0 0 -69 c0 -73 5 -81 55
-81 21 0 34 -21 35 -57 0 -16 -77 -18 -115 -3 -35 13 -55 65 -55 145 l0 65
-40 0 c-39 0 -40 1 -40 35 0 34 1 35 40 35 l40 0 0 40 0 40 40 0 40 0 0 -40z
m-435 -48 c-3 -7 0 -22 5 -33 7 -12 7 -19 1 -19 -5 0 -12 -8 -14 -17 -2 -10
-4 -1 -4 20 0 20 -3 40 -6 44 -4 3 -7 -57 -7 -135 l0 -142 -40 0 -41 0 3 153
3 152 38 3 c24 2 40 9 44 19 5 13 8 12 15 -7 5 -13 6 -30 3 -38z m218 30 c16
-14 19 -14 27 -2 8 12 10 10 10 -9 0 -20 -4 -22 -24 -17 -14 3 -28 2 -31 -4
-10 -16 -41 -12 -65 8 l-23 19 24 16 c25 18 53 14 82 -11z m107 2 c0 -17 -14
-18 -28 -1 -8 10 -6 13 9 14 10 1 19 -5 19 -13z m223 -11 c-7 -2 -19 -2 -25 0
-7 3 -2 5 12 5 14 0 19 -2 13 -5z m245 -42 c40 -28 56 -70 50 -132 -4 -42 -12
-57 -41 -87 -30 -30 -44 -36 -90 -40 -112 -9 -184 71 -163 182 18 97 155 141
244 77z m-7640 -114 l3 -138 -38 3 -38 3 -2 130 c-2 138 0 145 46 142 l26 -2
3 -138z m795 127 c57 -30 77 -63 77 -126 0 -89 -68 -152 -157 -145 -148 11
-196 191 -70 267 39 24 107 26 150 4z m352 -14 l26 -25 -27 -22 c-25 -19 -30
-20 -48 -7 -34 23 -82 18 -105 -12 -12 -15 -21 -37 -21 -49 0 -12 9 -34 21
-49 24 -30 72 -35 107 -10 21 14 25 14 47 0 31 -21 31 -27 -1 -57 -22 -21 -35
-24 -96 -24 -69 0 -70 0 -109 42 -35 38 -39 48 -39 93 0 62 19 101 62 129 47
31 146 26 183 -9z m6820 0 l26 -25 -27 -22 c-25 -19 -30 -20 -48 -7 -34 23
-82 18 -105 -12 -28 -35 -26 -69 4 -99 28 -29 70 -32 103 -9 21 14 25 14 47 0
31 -20 31 -27 1 -55 -50 -47 -157 -40 -210 13 -64 64 -51 178 26 226 47 30
146 24 183 -10z m-881 -13 c10 -4 17 -10 14 -13 -9 -8 -58 18 -51 29 3 5 8 6
12 0 3 -5 15 -13 25 -16z m-204 -42 c10 -12 10 -15 -4 -15 -9 0 -16 7 -16 15
0 8 2 15 4 15 2 0 9 -7 16 -15z m60 -22 c0 -3 -7 -3 -15 1 -9 3 -15 0 -15 -8
0 -20 -40 -27 -57 -11 -12 13 -10 14 15 9 21 -4 31 -2 35 10 5 14 37 13 37 -1z
m-92 -48 c-3 -3 -9 2 -12 12 -6 14 -5 15 5 6 7 -7 10 -15 7 -18z m92 15 c0 -5
-4 -10 -10 -10 -5 0 -10 5 -10 10 0 6 5 10 10 10 6 0 10 -4 10 -10z m-68 -32
c-7 -7 -12 -8 -12 -2 0 14 12 26 19 19 2 -3 -1 -11 -7 -17z m15 -144 c-3 -3
-12 -4 -19 -1 -8 3 -5 6 6 6 11 1 17 -2 13 -5z m-6937 -74 c0 -11 5 -20 11
-20 8 0 8 -4 0 -14 -7 -8 -11 -27 -9 -42 2 -15 -1 -28 -7 -30 -6 -3 -10 22
-10 61 0 36 3 65 8 65 4 0 7 -9 7 -20z m380 3 c0 -16 -3 -16 -34 -2 -32 15
-76 -10 -76 -43 0 -45 58 -76 88 -46 19 19 14 26 -20 31 -30 3 -29 4 8 5 39 2
41 1 41 -28 0 -23 -3 -27 -13 -19 -8 7 -14 7 -19 -1 -9 -15 -47 -12 -73 6 -30
21 -30 77 0 99 27 18 98 16 98 -2z m166 2 c-3 -8 0 -15 6 -15 9 0 9 -3 1 -11
-6 -6 -7 -25 -3 -50 5 -28 4 -39 -5 -39 -8 0 -13 21 -14 65 -1 42 3 65 10 65
6 0 9 -7 5 -15z m68 -18 c8 -6 7 -10 -1 -14 -7 -2 -13 -20 -13 -38 0 -18 6
-36 13 -38 7 -4 6 -6 -4 -6 -13 -1 -18 10 -21 47 -5 51 2 97 10 72 3 -8 10
-19 16 -23z m218 21 c-7 -7 -12 -30 -12 -53 0 -23 5 -46 12 -53 9 -9 8 -12 -7
-12 -18 0 -20 6 -16 56 2 40 -1 59 -10 65 -10 6 -5 9 16 9 22 0 26 -3 17 -12z
m728 -3 c0 -6 -9 -11 -20 -11 -11 0 -20 5 -20 11 0 6 9 11 20 11 11 0 20 -5
20 -11z m2230 -6 c0 -16 -4 -19 -17 -14 -53 23 -91 0 -80 -47 7 -28 35 -40 61
-26 28 16 19 31 -15 24 -22 -4 -29 -2 -26 7 2 6 14 12 26 11 14 0 20 4 17 13
-3 7 -1 13 3 13 5 0 11 -6 14 -12 3 -9 9 -7 20 6 13 18 14 15 9 -35 -5 -56
-11 -73 -19 -52 -3 9 -10 10 -24 3 -25 -14 -66 -3 -84 23 -37 53 -1 107 70
107 39 0 45 -3 45 -21z m3581 4 c1 -10 1 -35 -1 -57 -1 -24 3 -42 12 -47 9 -6
7 -9 -9 -9 -20 0 -23 5 -23 38 0 21 -5 43 -12 50 -9 9 -9 12 0 12 7 0 12 7 12
15 0 21 20 19 21 -2z m62 -5 c3 -12 2 -29 -4 -39 -6 -11 -5 -27 1 -43 7 -21 6
-26 -5 -26 -11 0 -15 11 -15 39 0 22 -6 42 -12 45 -10 5 -10 7 0 12 6 3 12 12
12 20 0 22 17 16 23 -8z m221 0 c-8 -24 -7 -86 2 -100 3 -4 -7 -8 -23 -7 -15
0 -22 3 -15 6 16 6 16 95 0 111 -9 9 -6 12 16 12 24 0 26 -3 20 -22z m726 7
c0 -6 -9 -11 -20 -11 -11 0 -20 5 -20 11 0 6 9 11 20 11 11 0 20 -5 20 -11z
m-4835 -35 c-3 -9 -2 -25 1 -35 6 -16 8 -16 16 -1 5 9 7 25 3 35 -4 14 0 20
19 23 32 6 40 -1 22 -21 -20 -23 -32 -66 -16 -56 9 5 11 4 6 -4 -4 -6 -11 -9
-16 -6 -10 6 -22 -23 -14 -36 3 -5 10 -6 16 -3 7 4 8 2 4 -4 -9 -15 -66 -16
-66 -2 0 6 5 10 10 10 6 0 10 8 10 17 0 24 -23 83 -32 83 -4 0 -8 6 -8 14 0 9
8 12 25 8 19 -3 24 -9 20 -22z m374 -18 c11 -21 10 -22 -34 -22 -45 0 -60 -12
-28 -24 9 -4 21 -2 27 4 13 13 39 13 31 -1 -4 -5 1 -19 11 -30 16 -18 16 -19
1 -13 -9 3 -17 10 -17 16 0 5 -9 6 -20 3 -30 -10 -60 4 -71 32 -14 37 -2 62
34 71 34 9 45 3 66 -36z m-3429 18 c29 -29 25 -40 -17 -39 -31 2 -33 3 -10 6
30 5 34 15 13 32 -22 18 -57 -3 -52 -31 4 -32 31 -46 56 -30 11 7 20 8 20 2 0
-12 -45 -24 -65 -17 -8 4 -17 18 -21 33 -6 21 -2 31 16 46 28 23 35 23 60 -2z
m175 4 c1 -5 4 -22 9 -39 l8 -30 13 25 c8 14 12 32 10 40 -3 10 2 16 15 17 11
1 20 -2 20 -8 0 -5 -4 -9 -9 -9 -12 0 -44 -87 -36 -100 4 -6 -5 -10 -21 -10
-26 0 -27 1 -8 14 19 14 18 15 -4 60 -12 26 -22 49 -22 52 0 10 25 -2 25 -12z
m271 5 c3 -6 11 -6 19 1 8 7 23 9 35 5 15 -5 20 -15 20 -45 0 -21 6 -41 13
-43 6 -3 3 -6 -8 -6 -18 -1 -20 4 -17 40 4 38 3 40 -19 37 -20 -2 -24 -9 -24
-41 0 -29 -4 -37 -18 -37 -12 0 -16 4 -10 13 19 30 4 81 -21 71 -18 -7 -27
-55 -14 -71 8 -10 6 -13 -8 -13 -16 0 -19 8 -19 48 0 48 0 48 32 49 18 1 36
-3 39 -8z m209 -40 l0 -47 -40 0 c-48 -1 -65 12 -65 47 0 38 17 51 64 49 l41
-2 0 -47z m130 27 c-2 -11 -7 -37 -9 -56 -8 -53 -44 -74 -82 -45 -22 17 -12
20 17 4 15 -7 24 -7 35 2 22 18 17 26 -15 21 -21 -3 -33 2 -44 18 -29 41 1 77
63 77 35 0 39 -2 35 -21z m96 14 c10 -6 19 -20 19 -30 0 -17 -7 -20 -40 -20
-22 0 -40 -4 -40 -9 0 -15 41 -24 53 -12 17 17 31 13 17 -4 -15 -18 -61 -20
-78 -3 -17 17 -15 48 5 70 18 20 36 23 64 8z m99 -4 c0 -9 -8 -12 -25 -8 -15
2 -25 0 -25 -7 0 -6 6 -11 13 -11 24 0 48 -25 41 -43 -4 -11 -17 -17 -40 -17
-26 0 -32 3 -27 16 4 11 9 12 16 5 15 -15 37 -14 37 3 0 8 -11 17 -25 20 -24
6 -34 34 -18 49 12 13 53 7 53 -7z m1907 -6 c-1 -11 -5 -20 -9 -20 -10 0 -10
4 -2 24 8 22 13 20 11 -4z m353 5 c-7 -8 -17 -15 -22 -15 -6 0 -5 7 2 15 7 8
17 15 22 15 6 0 5 -7 -2 -15z m4026 4 c3 -6 11 -6 19 1 8 7 23 9 35 5 15 -5
20 -15 20 -45 0 -21 6 -41 13 -43 6 -3 -1 -6 -18 -6 -20 0 -26 2 -17 8 22 13
11 66 -13 66 -16 0 -20 -7 -20 -38 0 -26 -4 -37 -15 -37 -12 0 -15 9 -12 40 4
36 2 40 -18 40 -20 0 -22 -4 -18 -40 3 -31 0 -40 -12 -40 -11 0 -15 12 -15 48
0 48 0 48 32 49 18 1 36 -3 39 -8z m-7675 -20 c16 -31 -6 -69 -40 -68 -23 2
-23 2 -4 6 34 7 48 29 35 58 -14 31 -7 33 9 4z m46 15 c-8 -8 13 -65 23 -59 4
2 7 -9 6 -25 -1 -17 -6 -30 -13 -30 -6 0 -9 8 -6 19 2 10 -5 37 -16 60 -19 37
-20 41 -5 41 10 0 15 -3 11 -6z m67 -2 c-6 -4 -16 -16 -21 -27 -10 -17 -11
-17 -10 8 2 20 7 27 22 27 12 0 16 -3 9 -8z m3453 -44 c1 -18 -1 -26 -3 -18
-15 42 -18 44 -24 10 l-7 -35 -2 38 c-1 29 3 37 17 37 13 0 18 -9 19 -32z
m183 -52 c0 -3 -4 -8 -10 -11 -5 -3 -10 -1 -10 4 0 6 5 11 10 11 6 0 10 -2 10
-4z m140 -10 c0 -3 -4 -8 -10 -11 -5 -3 -10 -1 -10 4 0 6 5 11 10 11 6 0 10
-2 10 -4z m250 -596 c0 -5 -5 -10 -11 -10 -5 0 -7 5 -4 10 3 6 8 10 11 10 2 0
4 -4 4 -10z m-463 -26 c-3 -3 -12 -4 -19 -1 -8 3 -5 6 6 6 11 1 17 -2 13 -5z
m3013 -299 c0 -8 -6 -15 -14 -15 -17 0 -28 14 -19 24 12 12 33 6 33 -9z m-270
-30 c0 -8 -4 -15 -10 -15 -5 0 -10 7 -10 15 0 8 5 15 10 15 6 0 10 -7 10 -15z
m60 5 c0 -5 -7 -7 -15 -4 -8 4 -15 8 -15 10 0 2 7 4 15 4 8 0 15 -4 15 -10z
m-387 -19 c15 -3 -13 -6 -62 -6 -73 0 -86 2 -69 11 21 11 72 9 131 -5z m227 7
c0 -5 -17 -8 -37 -8 -26 0 -33 3 -24 9 16 10 61 9 61 -1z m779 8 c-2 -2 -26
-6 -54 -9 -34 -4 -42 -3 -25 3 25 8 87 13 79 6z m-882 -12 c-3 -3 -12 -4 -19
-1 -8 3 -5 6 6 6 11 1 17 -2 13 -5z m526 -11 c-40 -2 -107 -2 -150 0 -43 1
-10 3 72 3 83 0 118 -2 78 -3z m-1713 -503 c0 -5 -2 -10 -4 -10 -3 0 -8 5 -11
10 -3 6 -1 10 4 10 6 0 11 -4 11 -10z m40 6 c0 -3 -4 -8 -10 -11 -5 -3 -10 -1
-10 4 0 6 5 11 10 11 6 0 10 -2 10 -4z m-5910 -346 c0 -22 -4 -40 -10 -40 -5
0 -10 14 -10 30 0 17 -5 30 -11 30 -5 0 -7 5 -4 10 3 6 13 10 21 10 10 0 14
-12 14 -40z m81 28 c0 -10 2 -10 6 0 8 20 54 15 60 -8 3 -11 10 -17 15 -14 5
3 7 11 5 18 -3 7 4 13 14 13 14 1 19 -5 19 -22 0 -12 6 -25 14 -28 20 -8 51
17 41 33 -6 10 -9 9 -16 -1 -4 -7 -11 -10 -14 -7 -11 11 5 28 26 28 31 0 36
-30 9 -50 l-24 -18 25 -5 c20 -4 19 -4 -8 -6 -17 0 -34 5 -36 12 -4 9 -8 8
-16 -3 -7 -10 -11 -11 -11 -2 0 6 -11 12 -25 12 -14 0 -25 -4 -25 -10 0 -19
-48 -11 -55 10 -5 17 -9 18 -28 8 l-22 -12 25 -7 c23 -6 23 -7 -7 -8 -37 -1
-43 13 -13 29 11 6 20 15 20 21 0 6 -9 8 -20 4 -19 -6 -27 5 -13 18 11 12 53
8 54 -5z m249 -28 c0 -22 -4 -40 -10 -40 -5 0 -10 14 -10 30 0 17 -5 30 -11
30 -5 0 -7 5 -4 10 3 6 13 10 21 10 10 0 14 -12 14 -40z m70 15 c0 -14 5 -25
10 -25 6 0 5 -6 -2 -14 -7 -8 -14 -10 -16 -5 -2 5 -12 9 -23 9 -23 0 -23 4 -3
35 21 32 34 32 34 0z m78 18 c-3 -5 -11 -23 -18 -40 -8 -18 -18 -33 -22 -33
-11 0 -10 7 7 40 14 27 14 29 -8 33 -15 3 -12 5 11 6 19 0 32 -2 30 -6z m137
-14 c14 -43 -2 -57 -65 -57 l-60 0 0 38 0 38 60 0 c49 0 60 -3 65 -19z"/>
<path d="M6810 4487 c-13 -7 -31 -25 -40 -40 -13 -24 -13 -30 0 -54 9 -16 28
-34 43 -41 23 -11 32 -11 62 4 61 29 61 104 0 130 -41 17 -34 17 -65 1z"/>
<path d="M3411 4493 c-37 -7 -56 -32 -56 -73 0 -48 24 -71 76 -73 32 -1 45 4
60 22 49 60 -1 138 -80 124z"/>
<path d="M2670 4129 c-16 -28 7 -54 39 -44 17 5 21 13 19 33 -4 35 -42 43 -58
11z"/>
<path d="M9485 4130 c-8 -27 12 -52 39 -48 16 2 21 10 21 33 0 25 -4 31 -27
33 -19 2 -28 -2 -33 -18z"/>
<path d="M3097 4144 c-13 -13 -7 -20 18 -20 14 0 24 5 22 11 -4 12 -30 18 -40
9z"/>
<path d="M9907 4144 c-15 -16 -5 -24 29 -24 24 0 34 4 32 13 -5 13 -50 22 -61
11z"/>
<path d="M7778 2553 c12 -2 32 -2 45 0 12 2 2 4 -23 4 -25 0 -35 -2 -22 -4z"/>
<path d="M8030 2569 c12 -8 9 -9 -12 -5 -32 7 -36 1 -10 -12 10 -6 27 -6 42 0
24 10 24 11 5 18 -29 12 -43 11 -25 -1z"/>
<path d="M8500 2458 c-42 -45 -11 -128 48 -128 60 0 95 56 68 109 -25 47 -81
56 -116 19z"/>
<path d="M1675 2460 c-27 -30 -25 -88 4 -111 23 -19 76 -25 98 -11 18 12 34
62 27 86 -17 57 -91 78 -129 36z"/>
<path d="M4807 2123 c-3 -5 9 -9 26 -10 24 -2 28 0 17 7 -18 12 -37 13 -43 3z"/>
<path d="M2015 2110 c-8 -27 12 -52 39 -48 16 2 21 10 21 33 0 25 -4 31 -27
33 -19 2 -28 -2 -33 -18z"/>
<path d="M2143 2114 c-8 -22 9 -48 35 -52 16 -2 23 3 28 22 3 14 3 30 -1 35
-10 17 -55 13 -62 -5z"/>
<path d="M2275 2119 c-11 -16 1 -22 30 -15 14 4 23 11 20 16 -8 13 -42 13 -50
-1z"/>
<path d="M302 208 c2 -13 8 -23 13 -23 6 0 11 10 13 23 2 15 -2 22 -13 22 -11
0 -15 -7 -13 -22z"/>
<path d="M375 210 c-3 -5 -1 -10 4 -10 6 0 11 5 11 10 0 6 -2 10 -4 10 -3 0
-8 -4 -11 -10z"/>
<path d="M575 210 c-3 -5 -1 -10 4 -10 6 0 11 5 11 10 0 6 -2 10 -4 10 -3 0
-8 -4 -11 -10z"/>
<path d="M772 208 c2 -13 8 -23 13 -23 6 0 11 10 13 23 2 15 -2 22 -13 22 -11
0 -15 -7 -13 -22z"/>
<path d="M705 190 c4 -6 11 -8 16 -5 14 9 11 15 -7 15 -8 0 -12 -5 -9 -10z"/>
<path d="M10210 4493 c-26 -9 -40 -35 -40 -73 0 -41 15 -65 48 -75 22 -6 22
-5 22 74 0 45 -3 81 -7 80 -5 0 -15 -3 -23 -6z"/>
<path d="M5725 4410 c3 -5 13 -10 21 -10 8 0 14 5 14 10 0 6 -9 10 -21 10 -11
0 -17 -4 -14 -10z"/>
<path d="M6450 4346 c0 -9 5 -16 10 -16 6 0 10 4 10 9 0 6 -4 13 -10 16 -5 3
-10 -1 -10 -9z"/>
<path d="M6060 4272 c0 -4 11 -8 25 -8 14 0 25 4 25 8 0 4 -11 8 -25 8 -14 0
-25 -4 -25 -8z"/>
<path d="M6290 4270 c-34 -7 -34 -7 -5 -8 17 0 39 3 50 8 24 10 4 10 -45 0z"/>
<path d="M6888 4233 c6 -2 18 -2 25 0 6 3 1 5 -13 5 -14 0 -19 -2 -12 -5z"/>
<path d="M4160 4209 c0 -5 11 -9 25 -9 14 0 25 2 25 4 0 2 -11 6 -25 8 -14 3
-25 1 -25 -3z"/>
<path d="M6385 4210 c-16 -7 -17 -9 -3 -9 9 -1 20 4 23 9 7 11 7 11 -20 0z"/>
<path d="M6875 4210 c3 -5 18 -10 32 -10 32 0 28 5 -10 14 -19 4 -26 3 -22 -4z"/>
<path d="M6624 4174 c1 -46 20 -56 22 -11 1 17 -2 24 -6 16 -6 -8 -10 -4 -13
12 -2 13 -4 6 -3 -17z"/>
<path d="M4222 4180 c0 -14 2 -19 5 -12 2 6 2 18 0 25 -3 6 -5 1 -5 -13z"/>
<path d="M6850 4193 c0 -5 4 -13 9 -18 5 -6 11 -28 14 -50 l4 -40 1 43 c1 27
-4 49 -13 58 -8 9 -15 12 -15 7z"/>
<path d="M3502 4182 c-7 -2 -11 -22 -11 -50 1 -26 4 -37 6 -24 3 16 9 22 20
18 12 -5 14 -1 9 19 -6 25 -6 25 44 21 27 -2 50 1 50 5 0 5 -3 8 -7 8 -5 -1
-10 -1 -13 0 -12 5 -88 7 -98 3z"/>
<path d="M6451 4174 c0 -11 3 -14 6 -6 3 7 2 16 -1 19 -3 4 -6 -2 -5 -13z"/>
<path d="M6676 4182 c-3 -4 4 -9 15 -9 23 -2 25 3 4 10 -8 4 -16 3 -19 -1z"/>
<path d="M6925 4180 c-3 -5 1 -10 10 -10 9 0 13 5 10 10 -3 6 -8 10 -10 10 -2
0 -7 -4 -10 -10z"/>
<path d="M3660 4171 c0 -5 5 -13 10 -16 6 -3 10 -18 10 -33 0 -15 6 -35 13
-44 18 -22 61 -32 84 -19 15 9 14 10 -10 5 -42 -9 -78 18 -73 56 5 40 8 43 61
45 25 1 48 5 51 8 3 3 -17 4 -45 3 -28 -2 -54 -6 -57 -9 -4 -4 -15 -2 -25 4
-12 6 -19 6 -19 0z"/>
<path d="M3818 4161 c-9 -10 -13 -23 -9 -29 3 -6 13 0 24 13 20 28 7 42 -15
16z"/>
<path d="M3895 4170 c3 -5 12 -7 20 -3 21 7 19 13 -6 13 -11 0 -18 -4 -14 -10z"/>
<path d="M3954 4162 c-15 -13 -21 -30 -22 -62 0 -33 2 -40 8 -25 5 11 9 31 9
44 1 14 8 33 18 43 20 23 14 23 -13 0z"/>
<path d="M4038 4157 c34 -36 28 -47 -25 -47 -44 0 -46 -1 -31 -17 14 -13 20
-14 32 -4 9 7 31 13 50 13 32 0 33 1 18 17 -10 10 -24 27 -32 39 -8 12 -19 22
-24 22 -5 0 0 -10 12 -23z"/>
<path d="M4066 4168 c3 -4 11 -5 19 -1 21 7 19 12 -4 10 -11 0 -18 -5 -15 -9z"/>
<path d="M6098 4173 c6 -2 18 -2 25 0 6 3 1 5 -13 5 -14 0 -19 -2 -12 -5z"/>
<path d="M6140 4171 c0 -5 5 -13 10 -16 6 -3 10 -2 10 4 0 5 -4 13 -10 16 -5
3 -10 2 -10 -4z"/>
<path d="M6574 4166 c-3 -8 -1 -23 6 -33 10 -16 10 -14 6 9 -4 16 -1 28 7 31
9 4 9 6 -1 6 -7 1 -15 -5 -18 -13z"/>
<path d="M6900 4147 c0 -20 4 -37 9 -37 5 0 7 10 3 23 -5 20 -4 21 14 7 18
-14 18 -13 -1 10 -11 14 -21 27 -22 29 -2 2 -3 -12 -3 -32z"/>
<path d="M7005 4171 c4 -3 27 -7 52 -7 27 -1 40 2 32 7 -15 9 -93 10 -84 0z"/>
<path d="M3554 4126 c-7 -28 1 -46 19 -46 8 0 8 3 -1 9 -18 11 -17 22 2 33 20
11 21 28 1 28 -8 0 -17 -11 -21 -24z"/>
<path d="M3627 4144 c-12 -12 -8 -22 11 -27 15 -4 15 -5 -1 -6 -21 -1 -18 -26
4 -26 9 0 14 11 14 29 0 29 -14 43 -28 30z"/>
<path d="M3732 4138 c-15 -15 -15 -35 -1 -44 7 -4 9 0 5 14 -9 26 20 38 33 14
6 -9 11 -12 11 -6 0 11 -20 34 -30 34 -3 0 -11 -5 -18 -12z"/>
<path d="M3863 4143 c-7 -2 -13 -9 -13 -15 0 -6 7 -4 17 3 13 11 17 11 20 2 3
-7 9 -13 15 -13 6 0 6 6 -2 15 -13 16 -17 17 -37 8z"/>
<path d="M3986 4141 c-3 -5 5 -8 19 -8 14 0 22 3 19 8 -3 5 -11 9 -19 9 -8 0
-16 -4 -19 -9z"/>
<path d="M4090 4140 c0 -5 4 -10 9 -10 5 0 18 -3 28 -6 16 -6 16 -5 -2 9 -23
19 -35 21 -35 7z"/>
<path d="M6505 4139 c-4 -6 -4 -13 -1 -16 3 -4 6 -1 6 6 0 8 7 10 21 6 15 -5
19 -4 15 4 -9 14 -33 14 -41 0z"/>
<path d="M6700 4135 c6 -8 8 -20 4 -27 -5 -10 -4 -10 5 -2 13 12 5 44 -11 44
-6 0 -5 -6 2 -15z"/>
<path d="M6793 4143 c4 -3 1 -13 -6 -22 -11 -14 -10 -14 5 -2 16 12 16 31 1
31 -4 0 -3 -3 0 -7z"/>
<path d="M6993 4120 c6 -16 13 -28 15 -26 6 6 -10 56 -18 56 -5 0 -3 -13 3
-30z"/>
<path d="M7039 4148 c-6 -18 -6 -59 0 -63 5 -2 7 10 5 27 -4 34 10 29 19 -7 4
-12 5 -9 4 9 -1 16 -8 31 -14 34 -7 2 -14 2 -14 0z"/>
<path d="M7090 4135 c0 -8 4 -15 8 -15 5 0 9 7 9 15 0 8 -4 15 -9 15 -4 0 -8
-7 -8 -15z"/>
<path d="M7139 4148 c-15 -37 10 -80 35 -59 22 18 15 56 -11 59 -13 2 -24 2
-24 0z m36 -34 c0 -22 -30 -26 -31 -4 -1 22 6 32 19 27 7 -2 12 -12 12 -23z"/>
<path d="M7267 4143 c-13 -13 -7 -51 10 -57 23 -9 47 17 38 43 -6 20 -34 28
-48 14z m31 -40 c-10 -12 -13 -12 -20 1 -13 23 0 40 18 25 11 -9 12 -15 2 -26z"/>
<path d="M7396 4142 c-3 -5 6 -12 20 -15 15 -3 23 0 21 7 -5 14 -33 20 -41 8z"/>
<path d="M3403 4115 c0 -12 3 -12 16 -3 9 7 18 14 20 15 2 2 -5 3 -16 3 -11 0
-20 -7 -20 -15z"/>
<path d="M6462 4105 c0 -16 2 -22 5 -12 2 9 2 23 0 30 -3 6 -5 -1 -5 -18z"/>
<path d="M6961 4104 c0 -11 3 -14 6 -6 3 7 2 16 -1 19 -3 4 -6 -2 -5 -13z"/>
<path d="M3514 4094 c-4 -10 -9 -22 -11 -26 -2 -5 0 -8 5 -8 10 0 24 41 17 48
-3 3 -8 -4 -11 -14z"/>
<path d="M3808 4101 c8 -4 13 -11 13 -15 -3 -17 0 -26 7 -24 4 1 20 -2 35 -7
19 -5 33 -3 40 4 9 10 6 11 -15 6 -21 -6 -32 -1 -51 19 -13 14 -28 26 -33 26
-5 0 -3 -4 4 -9z"/>
<path d="M3850 4102 c0 -17 27 -21 47 -7 10 8 13 15 6 15 -6 0 -15 -5 -18 -10
-5 -8 -11 -7 -21 1 -8 7 -14 7 -14 1z"/>
<path d="M6410 4099 c0 -5 5 -7 10 -4 6 3 10 8 10 11 0 2 -4 4 -10 4 -5 0 -10
-5 -10 -11z"/>
<path d="M6523 4095 c0 -11 4 -12 11 -5 14 14 43 13 49 -2 3 -8 6 -6 6 5 1 13
-7 17 -32 17 -24 0 -34 -5 -34 -15z"/>
<path d="M6620 4101 c0 -6 4 -13 10 -16 6 -3 7 1 4 9 -7 18 -14 21 -14 7z"/>
<path d="M6927 4103 c-4 -3 -7 -11 -7 -17 0 -6 5 -5 12 2 6 6 9 14 7 17 -3 3
-9 2 -12 -2z"/>
<path d="M7090 4095 c0 -8 4 -15 8 -15 5 0 9 7 9 15 0 8 -4 15 -9 15 -4 0 -8
-7 -8 -15z"/>
<path d="M4100 4090 c-9 -6 -10 -10 -3 -10 6 0 15 5 18 10 8 12 4 12 -15 0z"/>
<path d="M6090 4090 c8 -5 20 -10 25 -10 6 0 3 5 -5 10 -8 5 -19 10 -25 10 -5
0 -3 -5 5 -10z"/>
<path d="M7580 4086 c0 -8 4 -17 9 -20 5 -4 7 3 4 14 -6 23 -13 26 -13 6z"/>
<path d="M6225 4069 c-4 -6 -5 -12 -2 -15 2 -3 7 2 10 11 7 17 1 20 -8 4z"/>
<path d="M3159 4044 c-24 -26 -17 -34 7 -9 9 8 23 15 32 14 12 0 11 -3 -5 -9
-31 -12 -29 -17 5 -16 22 1 28 5 24 18 -7 27 -38 28 -63 2z"/>
<path d="M3290 4060 c-13 -8 -12 -10 3 -10 9 0 17 5 17 10 0 12 -1 12 -20 0z"/>
<path d="M3450 4060 c8 -5 22 -9 30 -9 10 0 8 3 -5 9 -27 12 -43 12 -25 0z"/>
<path d="M3977 4059 c7 -7 15 -10 18 -7 3 3 -2 9 -12 12 -14 6 -15 5 -6 -5z"/>
<path d="M7118 4063 c7 -3 16 -2 19 1 4 3 -2 6 -13 5 -11 0 -14 -3 -6 -6z"/>
<path d="M7188 4063 c6 -2 10 -8 8 -12 -3 -4 1 -8 9 -8 11 0 12 4 4 14 -6 7
-17 13 -23 12 -7 0 -6 -2 2 -6z"/>
<path d="M3300 4029 c0 -5 9 -9 20 -9 11 0 20 2 20 4 0 2 -9 6 -20 9 -11 3
-20 1 -20 -4z"/>
<path d="M5800 3990 c-18 -12 -2 -12 25 0 13 6 15 9 5 9 -8 0 -22 -4 -30 -9z"/>
<path d="M5671 3970 c-24 -11 -48 -20 -55 -20 -6 0 -20 -8 -31 -16 -19 -15
-19 -15 10 -10 l30 6 -27 -12 c-16 -7 -28 -18 -28 -25 0 -7 -5 -13 -11 -13 -5
0 -7 4 -4 10 3 5 0 7 -9 4 -8 -3 -12 -12 -9 -20 5 -13 10 -16 43 -18 12 -1 14
-12 12 -48 -3 -43 -2 -48 27 -62 17 -9 35 -25 41 -35 13 -25 44 -30 99 -14 24
7 54 12 65 12 20 -1 20 -2 1 -6 -11 -2 -38 -9 -60 -15 l-40 -10 23 -19 c13
-10 47 -26 77 -35 51 -16 54 -16 97 5 24 11 53 21 64 20 14 0 12 -3 -8 -11
-34 -12 -35 -20 -5 -59 l22 -31 -22 -18 c-24 -19 -30 -40 -13 -40 6 0 10 -7
10 -15 0 -8 -6 -15 -14 -15 -9 0 -16 -12 -18 -32 -2 -20 -13 -38 -30 -51 -25
-19 -32 -19 -80 -8 -86 19 -102 19 -130 0 -14 -11 -37 -19 -51 -19 -25 0 -107
-53 -107 -69 0 -16 28 -20 47 -6 25 19 33 18 33 -3 0 -24 -25 -46 -71 -62 -40
-14 -79 -8 -103 16 -17 17 -18 16 -20 -35 -1 -33 -4 -36 -63 -59 -36 -14 -63
-30 -63 -38 0 -8 -7 -14 -15 -14 -8 0 -15 5 -15 10 0 6 -9 10 -20 10 -24 0
-24 0 -5 36 16 32 20 110 6 118 -21 13 -68 -98 -96 -226 -16 -72 -19 -268 -5
-281 8 -7 100 17 100 25 0 5 10 8 21 8 21 0 122 60 134 80 3 6 21 10 39 10 34
0 68 22 79 52 4 12 -2 19 -21 27 -54 19 134 12 239 -10 99 -20 122 -19 114 4
-3 7 7 26 22 43 25 28 34 32 77 30 56 -1 81 -25 96 -92 8 -36 6 -42 -21 -70
-25 -25 -29 -35 -21 -50 19 -35 44 -115 39 -121 -6 -5 -22 28 -47 100 -24 65
-49 44 -51 -41 0 -26 -7 -94 -14 -152 l-14 -105 5 125 c2 69 7 144 10 168 5
32 3 42 -7 42 -14 -1 -99 -128 -103 -153 -1 -8 -17 -33 -35 -56 -50 -62 -78
-106 -86 -131 l-7 -23 28 21 c16 11 40 32 53 46 20 21 33 26 75 26 l51 -1 -68
-65 -68 -65 45 -44 44 -45 29 33 c16 17 47 44 69 59 42 27 61 69 48 103 -11
28 47 142 66 130 5 -3 11 -1 15 4 3 6 12 8 20 5 8 -4 18 1 21 10 3 9 12 16 19
16 8 0 14 34 20 113 4 61 8 123 7 137 -1 51 37 65 81 30 14 -11 27 -20 30 -20
13 0 27 68 19 90 -5 15 -5 37 1 57 9 29 7 36 -12 57 -13 13 -25 42 -28 65 -3
23 -9 41 -12 41 -4 0 -24 -22 -46 -50 -54 -68 -57 -55 -4 15 24 32 43 69 44
84 0 19 5 26 18 25 16 -2 38 22 145 155 55 70 55 68 25 89 -51 36 -152 84
-163 77 -5 -3 -10 -2 -10 4 0 5 -21 17 -47 25 -37 12 -40 14 -13 10 46 -8 173
-60 230 -95 49 -30 55 -29 91 23 l20 28 -22 -2 c-12 -2 -24 3 -27 11 -3 10 0
12 12 8 15 -6 15 -4 0 17 -10 16 -12 26 -4 31 6 3 7 11 4 17 -11 17 18 28 61
22 37 -5 38 -4 17 8 -12 8 -20 16 -17 19 2 3 -8 4 -24 1 -31 -4 -52 24 -29 40
8 5 -2 6 -24 2 -30 -5 -38 -2 -47 15 -7 12 -18 21 -26 21 -9 0 -12 8 -9 25 3
18 1 23 -10 19 -7 -3 -16 2 -19 11 -5 11 -15 14 -34 10 -22 -4 -24 -3 -8 4 17
7 11 11 -35 24 -30 9 -81 19 -113 21 -57 6 -57 5 -71 -27 l-14 -32 -1 38 c-1
23 -5 36 -11 32 -5 -3 -72 -8 -147 -10 -93 -3 -164 -11 -221 -26 -46 -11 -86
-19 -88 -16 -3 2 27 13 66 23 43 11 65 21 57 26 -19 12 -38 9 -86 -12z m294
-250 c-16 -4 -50 -7 -75 -7 l-45 0 50 7 c28 4 61 7 75 7 22 1 21 0 -5 -7z
m123 -7 c-10 -2 -26 -2 -35 0 -10 3 -2 5 17 5 19 0 27 -2 18 -5z m65 -10 c-7
-2 -21 -2 -30 0 -10 3 -4 5 12 5 17 0 24 -2 18 -5z m-110 -50 c-7 -2 -19 -2
-25 0 -7 3 -2 5 12 5 14 0 19 -2 13 -5z m-515 -567 c2 -17 -1 -26 -11 -26 -8
0 -26 -9 -41 -21 -14 -11 -30 -18 -36 -14 -5 3 -19 1 -30 -5 -37 -20 -23 18
28 70 42 44 49 48 67 36 11 -7 21 -25 23 -40z m142 44 c0 -5 -4 -10 -10 -10
-5 0 -10 5 -10 10 0 6 5 10 10 10 6 0 10 -4 10 -10z m446 -47 c-10 -10 -19 5
-10 18 6 11 8 11 12 0 2 -7 1 -15 -2 -18z m-751 -34 c4 -12 2 -40 -4 -63 -6
-22 -12 -50 -15 -61 -2 -14 -4 -11 -5 8 -1 28 -2 28 -48 21 -27 -3 -54 -11
-60 -16 -7 -6 -20 -8 -28 -4 -14 5 -13 10 6 36 13 16 29 30 37 30 23 0 72 33
78 52 7 25 31 23 39 -3z m470 -49 c10 -11 16 -20 13 -20 -3 0 -13 9 -23 20
-10 11 -16 20 -13 20 3 0 13 -9 23 -20z"/>
<path d="M6365 3958 c39 -5 96 -16 128 -24 86 -23 80 -11 -7 14 -43 13 -99 21
-133 21 l-58 -2 70 -9z"/>
<path d="M5147 3652 c-21 -23 -21 -29 -2 -29 8 0 12 4 9 9 -4 5 2 16 12 23 11
8 14 15 8 15 -6 0 -18 -8 -27 -18z"/>
<path d="M8320 3660 c0 -5 7 -10 15 -10 8 0 15 5 15 10 0 6 -7 10 -15 10 -8 0
-15 -4 -15 -10z"/>
<path d="M6930 3639 c0 -16 30 -43 38 -34 4 4 1 10 -5 12 -7 3 -13 11 -13 19
0 8 -4 14 -10 14 -5 0 -10 -5 -10 -11z"/>
<path d="M8378 3643 c-24 -6 -23 -23 2 -23 11 0 20 7 20 15 0 8 -1 14 -2 14
-2 -1 -11 -3 -20 -6z"/>
<path d="M6523 3586 l-32 -31 24 -17 c19 -15 24 -15 29 -3 3 10 0 12 -11 8
-11 -4 -14 -2 -11 8 3 8 11 13 17 11 7 -1 10 2 6 8 -4 6 -1 18 6 26 22 27 4
20 -28 -10z"/>
<path d="M5115 3580 c-10 -11 -21 -17 -26 -15 -4 3 -10 2 -13 -3 -12 -19 25
-7 46 15 12 13 19 23 16 23 -3 0 -13 -9 -23 -20z"/>
<path d="M5156 3524 c-11 -7 -17 -16 -15 -19 3 -3 14 2 25 9 10 8 17 17 14 19
-3 3 -14 -1 -24 -9z"/>
<path d="M6448 3503 c-20 -21 -59 -67 -88 -103 l-52 -65 30 -3 c17 -2 36 -10
42 -18 13 -15 80 -20 80 -6 0 4 -5 13 -12 20 -9 9 -9 12 3 12 18 0 19 34 1 52
-7 7 -12 18 -12 24 0 7 -8 15 -17 17 -10 3 -2 5 18 6 24 1 39 7 43 17 3 9 13
14 21 11 10 -4 12 -1 8 10 -5 13 -2 15 13 9 14 -5 11 1 -10 23 -17 17 -30 31
-31 31 0 0 -17 -17 -37 -37z m46 -24 c-9 -11 -19 -17 -21 -15 -8 7 21 45 30
39 4 -3 1 -14 -9 -24z m-43 -2 c-10 -9 -11 -8 -5 6 3 10 9 15 12 12 3 -3 0
-11 -7 -18z"/>
<path d="M5112 3469 c-14 -22 -1 -33 21 -16 13 10 13 14 3 23 -10 9 -15 7 -24
-7z"/>
<path d="M6430 3240 c13 -24 35 -27 26 -4 -3 9 -6 18 -6 20 0 2 -7 4 -15 4
-13 0 -14 -4 -5 -20z"/>
<path d="M5158 3215 c-22 -21 -48 -35 -63 -35 -16 0 -25 -6 -25 -15 0 -22 48
-68 65 -61 7 2 16 0 19 -7 3 -7 3 -2 0 11 -3 13 2 35 15 55 25 40 43 87 33 87
-4 0 -24 -16 -44 -35z"/>
<path d="M4815 3080 c-3 -5 -8 -26 -10 -47 -4 -36 -4 -37 11 -18 8 11 13 28
10 38 -2 9 0 17 5 17 5 0 9 5 9 10 0 13 -17 13 -25 0z"/>
<path d="M5105 3009 c-4 -6 -5 -13 -2 -16 7 -6 -9 -27 -42 -57 -13 -11 -34
-32 -47 -45 l-24 -23 -10 28 c-6 15 -8 40 -5 56 5 23 3 28 -12 28 -11 0 -25
-6 -32 -12 -11 -11 -13 -10 -7 2 4 8 1 6 -8 -4 -8 -10 -13 -23 -9 -29 3 -5 9
-3 15 4 8 11 9 11 5 -1 -2 -8 -10 -14 -16 -12 -6 1 -11 -2 -11 -8 0 -5 -3 -9
-7 -7 -5 1 -9 -1 -10 -5 -7 -19 -2 -28 13 -28 13 0 14 -3 4 -15 -7 -8 -10 -21
-7 -29 3 -7 0 -19 -6 -25 -8 -8 -6 -11 9 -12 10 0 13 -3 6 -6 -6 -2 -10 -9 -6
-14 3 -5 -3 -9 -13 -10 -16 0 -16 -1 2 -9 18 -7 18 -8 3 -15 -15 -6 -16 -11
-6 -28 10 -21 52 -66 53 -58 0 3 21 -4 47 -13 27 -11 45 -23 41 -29 -4 -6 0
-8 10 -4 10 3 17 2 17 -2 0 -12 -30 -22 -43 -14 -6 4 -8 0 -4 -10 5 -13 1 -17
-14 -17 -16 0 -19 -4 -14 -20 3 -11 0 -34 -8 -52 -9 -18 -17 -45 -20 -60 -3
-23 0 -28 15 -28 18 0 18 -2 4 -22 -19 -27 -20 -38 -3 -38 15 0 40 -62 42
-100 0 -14 11 -45 23 -68 12 -23 22 -51 22 -62 0 -24 20 -37 21 -13 1 10 1 23
0 29 -1 6 6 11 14 11 10 0 14 -6 10 -16 -22 -55 -18 -66 42 -127 50 -51 67
-63 122 -78 62 -17 65 -17 78 0 21 29 16 33 -48 31 -58 -2 -62 0 -95 35 -35
39 -43 70 -22 92 9 10 15 9 31 -7 10 -10 25 -16 32 -13 8 3 17 0 21 -6 5 -7 2
-8 -7 -3 -11 6 -11 5 -2 -5 19 -20 35 -1 29 34 -5 25 -2 34 15 44 12 8 18 9
15 4 -12 -20 43 -21 97 -2 56 20 66 19 124 -6 51 -23 96 -29 91 -14 -2 8 -13
18 -23 24 -146 83 -298 212 -350 298 -11 18 -25 33 -30 34 -22 2 -45 17 -39
25 5 9 -16 13 -44 10 -7 -1 -11 4 -10 10 2 7 -6 14 -17 16 -15 2 -16 1 -5 -5
23 -11 18 -30 -15 -56 -30 -24 -43 -73 -23 -87 5 -3 10 -15 11 -27 0 -11 4
-19 8 -16 10 6 39 -6 39 -17 0 -4 -7 -6 -15 -3 -13 5 -14 2 -5 -21 9 -24 8
-26 -12 -20 -60 18 -98 69 -98 131 0 41 29 93 56 100 13 3 22 9 19 14 -7 11
42 30 80 30 24 0 35 5 35 15 0 8 -4 15 -9 15 -5 0 -12 11 -15 25 -4 15 -16 27
-31 31 -30 7 -32 28 -7 69 13 21 17 42 14 70 -4 32 -6 36 -13 20 -5 -13 -8 -1
-8 38 -1 36 3 56 9 52 6 -3 10 4 10 17 0 19 -2 20 -11 8 -8 -12 -9 -11 -4 6 3
12 7 36 10 53 2 17 6 35 10 41 3 5 -1 10 -9 10 -8 0 -18 -5 -21 -11z m-146
-98 c15 -9 4 -38 -23 -60 -20 -17 -28 1 -15 38 12 33 16 36 38 22z m271 -466
c11 -13 10 -14 -4 -9 -9 3 -16 10 -16 15 0 13 6 11 20 -6z m16 -42 c15 -20 18
-33 7 -33 -5 0 -13 11 -20 25 -13 29 -6 33 13 8z m-6 -58 c0 -5 -5 -3 -10 5
-5 8 -10 20 -10 25 0 6 5 3 10 -5 5 -8 10 -19 10 -25z m84 -89 c-3 -14 3 -40
15 -67 27 -56 14 -70 -32 -35 -42 32 -47 43 -35 76 7 20 11 22 18 10 5 -8 10
-10 11 -5 1 6 3 15 4 20 2 6 3 13 4 18 0 4 6 7 11 7 6 0 8 -10 4 -24z"/>
<path d="M4955 3000 c3 -5 10 -10 16 -10 5 0 9 5 9 10 0 6 -7 10 -16 10 -8 0
-12 -4 -9 -10z"/>
<path d="M4821 2914 c0 -11 3 -14 6 -6 3 7 2 16 -1 19 -3 4 -6 -2 -5 -13z"/>
<path d="M5750 2900 c-13 -8 -13 -10 2 -10 10 0 20 -10 24 -25 3 -13 15 -27
25 -30 11 -4 17 -10 15 -14 -3 -4 1 -24 8 -45 l13 -39 32 47 c27 38 29 47 17
52 -9 3 -16 12 -16 20 0 8 -4 14 -9 14 -5 0 -13 9 -16 20 -5 15 -15 20 -43 20
-20 0 -44 -5 -52 -10z"/>
<path d="M7785 2690 c-4 -6 3 -10 14 -10 25 0 27 6 6 13 -8 4 -17 2 -20 -3z"/>
<path d="M7980 2692 c0 -6 23 -12 50 -14 28 -1 50 0 50 5 0 4 -15 7 -34 7 -19
0 -41 3 -50 6 -9 3 -16 2 -16 -4z"/>
<path d="M8100 2680 c-13 -9 -13 -11 0 -20 15 -10 25 0 18 20 -2 6 -8 6 -18 0z"/>
<path d="M7920 2670 c0 -5 7 -7 15 -4 8 4 15 8 15 10 0 2 -7 4 -15 4 -8 0 -15
-4 -15 -10z"/>
<path d="M7734 2646 c-3 -8 -4 -25 -2 -38 3 -17 5 -13 9 15 5 38 2 47 -7 23z"/>
<path d="M7877 2643 c6 -16 8 -16 23 1 9 12 8 15 -8 13 -12 0 -18 -6 -15 -14z"/>
<path d="M7865 2610 c3 -5 8 -10 11 -10 2 0 4 5 4 10 0 6 -5 10 -11 10 -5 0
-7 -4 -4 -10z"/>
<path d="M5205 2590 c-7 -12 10 -45 49 -94 16 -20 31 -50 35 -68 4 -17 17 -38
31 -47 24 -15 24 -15 11 2 -8 10 -11 20 -7 24 3 4 -3 16 -15 29 -18 19 -19 25
-7 43 7 12 23 21 35 21 13 0 23 4 23 8 0 5 11 14 24 22 23 12 24 14 9 36 -18
28 -29 30 -50 8 -11 -11 -25 -14 -42 -9 -14 3 -34 7 -43 8 -9 1 -15 4 -12 8 2
4 -3 10 -12 13 -21 8 -22 8 -29 -4z"/>
<path d="M7702 2570 c0 -14 2 -19 5 -12 2 6 2 18 0 25 -3 6 -5 1 -5 -13z"/>
<path d="M5180 2523 c0 -6 5 -15 10 -18 6 -4 8 -11 5 -16 -4 -5 -1 -9 4 -9 15
0 14 13 -4 36 -8 10 -15 14 -15 7z"/>
<path d="M5061 2484 c0 -11 3 -14 6 -6 3 7 2 16 -1 19 -3 4 -6 -2 -5 -13z"/>
<path d="M4423 2445 c0 -27 2 -38 4 -22 2 15 2 37 0 50 -2 12 -4 0 -4 -28z"/>
<path d="M5406 2457 c-15 -15 -23 -32 -20 -41 7 -18 -25 -68 -38 -60 -6 4 -5
-4 2 -16 6 -12 25 -29 41 -38 16 -10 29 -22 29 -29 0 -11 51 -53 64 -53 7 0
-6 34 -16 41 -5 3 15 25 43 50 119 102 148 147 97 151 -64 5 -97 8 -135 14
-36 5 -45 3 -67 -19z m-20 -93 c-4 -9 -2 -22 4 -29 7 -9 7 -15 1 -19 -5 -4
-13 -1 -16 4 -7 12 2 60 11 60 3 0 3 -7 0 -16z m144 -28 c0 -2 -7 -7 -16 -10
-8 -3 -12 -2 -9 4 6 10 25 14 25 6z"/>
<path d="M4333 2340 c0 -47 2 -66 4 -42 2 23 2 61 0 85 -2 23 -4 4 -4 -43z"/>
<path d="M4423 2340 c0 -30 2 -43 4 -27 2 15 2 39 0 55 -2 15 -4 2 -4 -28z"/>
<path d="M4636 2373 c-6 -14 -5 -15 5 -6 7 7 10 15 7 18 -3 3 -9 -2 -12 -12z"/>
<path d="M7301 2374 c0 -11 3 -14 6 -6 3 7 2 16 -1 19 -3 4 -6 -2 -5 -13z"/>
<path d="M4732 2360 c0 -14 2 -19 5 -12 2 6 2 18 0 25 -3 6 -5 1 -5 -13z"/>
<path d="M4585 2340 l-30 -8 27 -1 c15 0 30 4 33 9 3 6 5 9 3 9 -2 -1 -16 -5
-33 -9z"/>
<path d="M10213 2340 c-26 -11 -31 -30 -7 -30 8 0 12 5 9 10 -3 6 1 10 9 10 9
0 16 5 16 10 0 6 -1 10 -2 9 -2 0 -13 -4 -25 -9z"/>
<path d="M7415 2310 c-27 -7 -28 -8 -5 -8 14 0 34 3 45 8 25 11 2 11 -40 0z"/>
<path d="M4412 2264 c-7 -8 -8 -14 -3 -14 10 0 25 19 20 25 -2 1 -10 -3 -17
-11z"/>
<path d="M5622 2264 c-12 -8 -22 -24 -22 -34 0 -11 -5 -31 -12 -45 -10 -22 -9
-28 3 -36 21 -13 47 -11 74 7 l25 16 -22 18 c-16 12 -22 28 -21 54 1 20 0 36
-1 36 -1 0 -12 -7 -24 -16z"/>
<path d="M4358 2253 c6 -2 18 -2 25 0 6 3 1 5 -13 5 -14 0 -19 -2 -12 -5z"/>
<path d="M4558 2253 c18 -2 45 -2 60 0 15 2 0 4 -33 4 -33 0 -45 -2 -27 -4z"/>
<path d="M7236 2193 c-6 -14 -5 -15 5 -6 7 7 10 15 7 18 -3 3 -9 -2 -12 -12z"/>
<path d="M7198 2123 c-8 -10 -38 -52 -65 -93 -53 -79 -127 -160 -145 -160 -6
0 -9 -3 -6 -6 4 -3 -2 -14 -13 -25 -26 -26 -24 -38 10 -50 16 -6 31 -19 34
-31 7 -26 29 -13 25 15 -3 20 1 22 54 21 32 -1 55 3 52 7 -3 5 -3 9 -1 9 3 0
40 6 83 14 80 15 246 17 237 4 -2 -5 -11 -8 -19 -8 -8 0 -14 -4 -14 -10 0 -5
-6 -10 -14 -10 -8 0 -18 -5 -22 -11 -5 -9 1 -10 22 -5 48 12 79 30 79 46 0 10
12 16 37 18 20 2 42 10 48 18 7 8 18 14 25 14 6 0 20 10 31 21 l19 22 -67 -7
c-54 -6 -68 -5 -68 6 0 7 -9 19 -21 26 -18 11 -24 11 -39 -3 -16 -15 -18 -14
-23 7 -4 13 -22 39 -41 58 -20 19 -36 40 -36 46 0 14 -23 24 -54 24 -23 0 -66
33 -66 50 0 16 -26 11 -42 -7z m-223 -313 c3 -5 1 -10 -4 -10 -6 0 -11 5 -11
10 0 6 2 10 4 10 3 0 8 -4 11 -10z"/>
<path d="M4387 2123 c-12 -11 -7 -40 9 -53 21 -18 49 9 39 39 -6 20 -34 28
-48 14z m43 -24 c0 -5 -4 -9 -10 -9 -5 0 -10 6 -10 13 0 8 -4 7 -10 -3 -5 -8
-10 -10 -10 -4 0 6 3 13 6 17 8 8 34 -3 34 -14z"/>
<path d="M8217 2123 c-13 -13 -7 -20 16 -17 12 1 26 3 30 3 5 1 5 6 2 11 -7
11 -38 13 -48 3z"/>
<path d="M8835 2109 c-10 -30 18 -58 43 -43 9 6 17 22 17 35 0 34 -50 41 -60
8z"/>
<path d="M8963 2114 c-8 -22 10 -49 32 -49 10 0 22 7 28 16 15 24 1 49 -28 49
-15 0 -28 -7 -32 -16z"/>
<path d="M9097 2123 c-15 -14 -6 -23 23 -23 20 0 30 5 30 15 0 15 -40 21 -53
8z"/>
<path d="M9098 2083 c6 -2 18 -2 25 0 6 3 1 5 -13 5 -14 0 -19 -2 -12 -5z"/>
<path d="M6092 2054 c-26 -18 -27 -29 -7 -68 9 -16 13 -36 10 -44 -8 -20 13
-42 40 -42 32 0 41 56 14 86 -14 15 -18 29 -13 52 7 37 -7 42 -44 16z"/>
<path d="M5710 1994 c-34 -23 -50 -44 -44 -59 10 -24 284 -29 284 -5 0 5 -18
11 -39 15 -41 7 -81 34 -81 54 0 17 -27 13 -34 -5 -6 -15 -8 -15 -31 0 -30 19
-25 19 -55 0z"/>
<path d="M5350 1930 c-7 -17 -11 -32 -9 -33 2 -1 31 -15 64 -32 39 -19 61 -37
63 -50 9 -46 103 -117 162 -120 51 -3 106 -25 89 -36 -7 -4 -21 -3 -30 2 -24
13 -49 12 -29 -1 11 -7 8 -10 -16 -10 -30 0 -84 -20 -84 -31 0 -16 159 -49
280 -59 74 -6 173 -15 220 -20 57 -7 112 -6 165 1 44 6 118 8 166 4 82 -6 89
-5 170 28 46 20 103 40 126 46 23 6 49 18 57 26 8 8 20 15 26 15 6 0 8 5 5 10
-4 7 -11 7 -18 2 -7 -5 -24 -11 -39 -14 -20 -4 -25 -2 -20 10 4 12 0 14 -22 8
-27 -7 -56 10 -56 33 0 6 -5 11 -11 11 -5 0 -7 4 -4 10 4 6 -7 8 -27 5 -18 -3
-27 -3 -20 1 6 3 12 9 12 14 0 10 -46 -2 -79 -20 -19 -10 -25 -9 -35 6 -12 15
-13 15 -19 0 -4 -9 -2 -16 3 -16 6 0 10 -7 10 -16 0 -14 -2 -14 -15 0 -16 16
-46 14 -112 -5 -17 -6 -53 -7 -80 -4 -36 5 -53 3 -68 -9 -19 -15 -19 -16 -1
-9 12 4 17 3 13 -4 -4 -5 6 -10 24 -10 36 0 58 -17 34 -27 -10 -4 -14 -2 -9 6
5 7 0 9 -15 5 -19 -5 -42 1 -116 29 -11 4 -29 8 -40 9 -11 1 -30 2 -43 3 -13
1 -20 6 -17 12 3 5 1 18 -4 27 -6 11 -11 13 -12 6 -2 -19 -4 -25 -18 -53 -11
-25 -11 -25 -7 5 4 27 3 28 -9 11 -13 -16 -14 -16 -17 11 -3 27 -5 28 -52 25
-78 -5 -113 5 -133 38 -19 34 -40 38 -58 13 -15 -20 -29 -12 -60 35 -36 57
-73 98 -80 91 -3 -4 6 -20 20 -37 15 -19 21 -33 15 -37 -12 -7 -52 22 -80 58
-24 30 -92 67 -124 67 -17 0 -27 -9 -36 -30z m1080 -253 c0 -20 -22 -46 -55
-66 -19 -11 -35 -16 -35 -11 0 5 8 14 18 19 14 9 12 11 -13 12 -16 1 -40 1
-52 0 -13 -1 -23 3 -23 9 0 5 7 10 16 10 9 0 26 8 38 18 23 17 106 25 106 9z
m-665 -27 c3 -5 1 -10 -4 -10 -6 0 -11 5 -11 10 0 6 2 10 4 10 3 0 8 -4 11
-10z"/>
<path d="M6358 1643 c7 -3 16 -2 19 1 4 3 -2 6 -13 5 -11 0 -14 -3 -6 -6z"/>
<path d="M4977 1824 c-84 -14 -104 -29 -50 -38 70 -12 213 -16 213 -6 0 12
-60 54 -79 55 -9 0 -47 -5 -84 -11z"/>
<path d="M5837 1783 c-11 -10 13 -32 29 -26 7 3 12 9 9 14 -3 4 -13 5 -22 2
-11 -4 -14 -3 -9 5 8 13 3 16 -7 5z"/>
<path d="M5901 1771 c-10 -17 -9 -21 3 -21 20 0 31 19 18 32 -7 7 -14 3 -21
-11z"/>
<path d="M7080 1767 c0 -30 10 -40 27 -26 20 18 16 49 -7 49 -14 0 -20 -7 -20
-23z"/>
<path d="M7290 1760 c-14 -4 -60 -22 -102 -39 -43 -17 -84 -28 -93 -25 -8 4
-21 2 -28 -4 -7 -6 -34 -16 -61 -23 -39 -10 -45 -14 -31 -21 9 -6 33 -8 53 -5
74 10 325 104 316 119 -6 10 -20 9 -54 -2z"/>
<path d="M5940 1745 c0 -16 16 -20 24 -6 3 5 -1 11 -9 15 -9 3 -15 0 -15 -9z"/>
<path d="M6018 1724 c3 -17 7 -22 12 -14 6 9 9 9 13 -1 3 -9 6 -5 6 7 1 12 -6
25 -15 28 -22 8 -22 9 -16 -20z"/>
<path d="M6067 1734 c-4 -4 -7 -14 -7 -23 0 -11 3 -12 11 -4 6 6 10 16 7 23
-2 6 -7 8 -11 4z"/>
<path d="M5026 1721 c-4 -6 -16 -11 -26 -11 -10 0 -20 -6 -23 -12 -4 -10 -7
-10 -18 0 -19 18 -35 15 -36 -8 -2 -23 7 -26 117 -41 126 -18 195 -21 231 -12
l34 9 -41 27 c-46 31 -81 29 -64 -4 9 -15 7 -17 -5 -13 -9 4 -44 7 -78 8 -58
1 -62 3 -65 26 -4 30 -17 46 -26 31z"/>
</g>
</svg>
